-0.39683404066358546;0.0
-0.40169260368354426;0.025682182985553772
-0.40169260368354426;0.051364365971107544
-0.4161479633242102;0.07704654895666131
-0.4161479633242102;0.10272873194221509
-0.4107292386273561;0.12841091492776885
-0.4107292386273561;0.15409309791332262
-0.37720236794099626;0.1797752808988764
-0.37720236794099626;0.20545746388443017
-0.3216450404683741;0.23113964686998395
-0.3216450404683741;0.2568218298555377
-0.26212771804653795;0.2825040128410915
-0.26212771804653795;0.30818619582664525
-0.19673399246286996;0.33386837881219905
-0.19673399246286996;0.3595505617977528
-0.13036785544362903;0.3852327447833066
-0.13036785544362903;0.41091492776886035
-0.04933232626828505;0.4365971107544141
-0.04933232626828505;0.4622792937399679
0.0549823109551888;0.48796147672552165
0.0549823109551888;0.5136436597110754
0.0744687589404534;0.5393258426966292
0.0744687589404534;0.565008025682183
0.1199471334594436;0.5906902086677368
0.1199471334594436;0.6163723916532905
0.1740802853463312;0.6420545746388443
0.365518147906663;0.6677367576243981
0.365518147906663;0.6934189406099518
0.1598492655444618;0.7191011235955056
0.1598492655444618;0.7447833065810594
0.08072038658623215;0.7704654895666132
-0.04959752226347181;0.7961476725521669
-0.04959752226347181;0.8218298555377207
-0.1137587293532178;0.8475120385232745
-0.1137587293532178;0.8731942215088282
-0.16302402874364386;0.898876404494382
-0.16302402874364386;0.9245585874799358
-0.23996791431992673;0.9502407704654896
-0.23996791431992673;0.9759229534510433
-0.2769286699642772;1.0016051364365972
-0.2769286699642772;1.0272873194221508
-0.3216450404683741;1.0529695024077046
-0.34176462380121636;1.0786516853932584
-0.34176462380121636;1.1043338683788122
-0.36536113076198;1.130016051364366
-0.36536113076198;1.1556982343499198
-0.35354753721835636;1.1813804173354736
-0.35354753721835636;1.2070626003210272
-0.336760929356456;1.232744783306581
-0.336760929356456;1.2584269662921348
-0.3098488112154094;1.2841091492776886
-0.3098488112154094;1.3097913322632424
-0.265900858989171;1.3354735152487962
-0.265900858989171;1.36115569823435
-0.2061943104985086;1.3868378812199036
-0.2061943104985086;1.4125200642054574
-0.15522648027344094;1.4382022471910112
-0.15522648027344094;1.463884430176565
-0.1031160553763474;1.4895666131621188
-0.1031160553763474;1.5152487961476726
-0.03843615532773093;1.5409309791332264
-0.03843615532773093;1.56661316211878
0.00953948000405417;1.5922953451043338
0.00953948000405417;1.6179775280898876
0.08116265042290528;1.6436597110754414
0.08116265042290528;1.6693418940609952
0.11386475734364278;1.695024077046549
0.11386475734364278;1.7207062600321028
0.09108931234116104;1.7463884430176564
0.09108931234116104;1.7720706260032102
0.03669475598542879;1.797752808988764
0.03669475598542879;1.8234349919743178
-0.028092914414169123;1.8491171749598716
-0.028092914414169123;1.8747993579454254
-0.08132652299162299;1.9004815409309792
-0.08132652299162299;1.9261637239165328
-0.13568626079028903;1.9518459069020866
-0.13568626079028903;1.9775280898876404
-0.17983842541447873;2.0032102728731944
-0.17983842541447873;2.028892455858748
-0.21665798525684243;2.0545746388443016
-0.21665798525684243;2.0802568218298556
-0.14099685284549127;2.105939004815409
-0.14099685284549127;2.131621187800963
-0.2878955532434196;2.157303370786517
-0.2878955532434196;2.182985553772071
-0.311481973279536;2.2086677367576244
-0.311481973279536;2.234349919743178
-0.3149157183373294;2.260032102728732
-0.3149157183373294;2.2857142857142856
-0.2996657996444161;2.3113964686998396
-0.2996657996444161;2.337078651685393
-0.2894182100228711;2.362760834670947
-0.2894182100228711;2.388443017656501
-0.2503826437529316;2.4141252006420544
-0.2503826437529316;2.4398073836276084
-0.22070311493165617;2.465489566613162
-0.22070311493165617;2.491171749598716
-0.16922275700986866;2.5168539325842696
-0.16922275700986866;2.5425361155698236
-0.1317784637965402;2.568218298555377
-0.1317784637965402;2.593900481540931
-0.08132652299162299;2.619582664526485
-0.038849660647336935;2.6452648475120384
-0.038849660647336935;2.6709470304975924
0.004161787107464061;2.696629213483146
0.004161787107464061;2.7223113964687
0.04802194654742506;2.7479935794542536
0.06438839966200825;2.773675762439807
0.06438839966200825;2.799357945425361
0.053480657160249856;2.825040128410915
0.047760955588928185;2.850722311396469
0.047760955588928185;2.8764044943820224
0.06871216062002841;2.9020866773675764
0.06871216062002841;2.92776886035313
0.1409338957399453;2.9534510433386836
0.1409338957399453;2.9791332263242376
0.17055953562416384;3.004815409309791
0.17055953562416384;3.030497592295345
0.09310511519373081;3.056179775280899
0.09310511519373081;3.081861958266453
0.026597772039819813;3.1075441412520064
0.026597772039819813;3.13322632423756
-0.017808921114688334;3.158908507223114
-0.017808921114688334;3.1845906902086676
-0.062342964527422884;3.2102728731942216
-0.062342964527422884;3.235955056179775
-0.09000130479173629;3.261637239165329
-0.09000130479173629;3.287319422150883
-0.09992402475210563;3.3130016051364364
-0.09992402475210563;3.3386837881219904
-0.12437568635885171;3.364365971107544
-0.12437568635885171;3.390048154093098
-0.10423052211199023;3.4157303370786516
-0.10423052211199023;3.4414125200642056
-0.13036785544362903;3.467094703049759
-0.21551496188417216;3.4927768860353128
-0.21551496188417216;3.518459069020867
-0.2555694757244227;3.5441412520064204
-0.2555694757244227;3.5698234349919744
-0.21143202296850866;3.595505617977528
-0.21143202296850866;3.621187800963082
-0.16390039410000132;3.6468699839486356
-0.16390039410000132;3.672552166934189
-0.1131546763152278;3.698234349919743
-0.1131546763152278;3.723916532905297
0.06438839966200825;3.749598715890851
0.09011371010708098;3.7752808988764044
0.09011371010708098;3.8009630818619584
0.09259287726717592;3.826645264847512
0.1740802853463312;3.8523274478330656
0.2521234585119567;3.8780096308186196
0.2521234585119567;3.903691813804173
0.2601928218321908;3.929373996789727
0.2601928218321908;3.955056179775281
0.21484902704124614;3.980738362760835
0.21484902704124614;4.006420545746389
0.14406272223478223;4.032102728731942
0.14406272223478223;4.057784911717496
0.08758615297610514;4.08346709470305
0.08758615297610514;4.109149277688603
0.02092040736133726;4.134831460674158
0.02092040736133726;4.160513643659711
-0.028553913050532315;4.186195826645265
-0.028553913050532315;4.211878009630818
-0.07221895281690278;4.237560192616372
-0.07221895281690278;4.263242375601926
-0.0929473983023695;4.28892455858748
-0.0929473983023695;4.314606741573034
-0.12035438353702313;4.340288924558587
-0.12035438353702313;4.365971107544142
-0.13641571341837883;4.391653290529695
-0.13641571341837883;4.417335473515249
-0.21665798525684243;4.443017656500802
-0.29454996932367794;4.468699839486356
-0.29454996932367794;4.49438202247191
-0.32841996457991973;4.520064205457464
-0.32841996457991973;4.545746388443018
-0.28341969768024533;4.571428571428571
-0.28341969768024533;4.597110754414125
-0.23226284108474604;4.622792937399679
-0.23226284108474604;4.648475120385233
-0.15240643761886596;4.674157303370786
-0.15240643761886596;4.69983948635634
-0.09726530868565358;4.725521669341894
-0.09726530868565358;4.751203852327448
-0.027793759666513547;4.776886035313002
-0.027793759666513547;4.802568218298555
0.11737377279024828;4.828250401284109
0.11737377279024828;4.853932584269663
0.15707876799456927;4.879614767255217
0.15707876799456927;4.90529695024077
0.25878549343434004;4.930979133226324
0.25878549343434004;4.9566613162118776
0.3298088083529531;4.982343499197432
0.3298088083529531;5.008025682182986
0.2970111821473748;5.033707865168539
0.2970111821473748;5.059390048154093
0.26450595638351776;5.085072231139647
0.26450595638351776;5.110754414125201
0.19541114717705313;5.136436597110754
0.19541114717705313;5.162118780096308
0.127491854506188;5.187800963081862
0.127491854506188;5.213483146067416
0.05991775576419942;5.23916532905297
0.05991775576419942;5.264847512038523
-0.006743739132250492;5.290529695024077
-0.006743739132250492;5.31621187800963
-0.05526427552526181;5.341894060995185
-0.05526427552526181;5.367576243980738
-0.10479681049349238;5.393258426966292
-0.10479681049349238;5.418940609951846
-0.13715300204641429;5.4446227929374
-0.13715300204641429;5.470304975922954
-0.1515939776119837;5.495987158908507
-0.1515939776119837;5.521669341894061
-0.3149157183373294;5.547351524879614
-0.3622745409321282;5.573033707865169
-0.3622745409321282;5.598715890850722
-0.32841996457991973;5.624398073836276
-0.28578481605466854;5.65008025682183
-0.28578481605466854;5.675762439807383
-0.21954642777402733;5.701444622792938
-0.21954642777402733;5.727126805778491
-0.13425038565458927;5.752808988764045
-0.13425038565458927;5.778491171749598
0.12471483184074288;5.804173354735153
0.12471483184074288;5.829855537720706
0.2284237543338299;5.85553772070626
0.2284237543338299;5.881219903691814
0.3778701014469369;5.906902086677367
0.3778701014469369;5.932584269662922
0.39128559678546293;5.958266452648475
0.39128559678546293;5.983948635634029
0.3666027393556119;6.009630818619582
0.3666027393556119;6.035313001605136
0.3175465542938668;6.06099518459069
0.3175465542938668;6.086677367576244
0.2334386410382396;6.112359550561798
0.2334386410382396;6.138041733547351
0.1678871154683043;6.163723916532906
0.1678871154683043;6.189406099518459
0.01972040429527516;6.215088282504013
0.01972040429527516;6.240770465489566
-0.044950011604254214;6.26645264847512
-0.0929473983023695;6.292134831460674
-0.13496453435676817;6.317817014446228
-0.13496453435676817;6.343499197431782
-0.18317138579218148;6.369181380417335
-0.18317138579218148;6.394863563402889
-0.3165719657809408;6.420545746388443
-0.3165719657809408;6.446227929373997
-0.3841298899092151;6.47191011235955
-0.3841298899092151;6.497592295345104
-0.4079626255026873;6.523274478330658
-0.4079626255026873;6.548956661316212
-0.3641808426174227;6.574638844301766
-0.3641808426174227;6.600321027287319
-0.3199354675031713;6.626003210272873
-0.3199354675031713;6.651685393258427
-0.24125205927357452;6.677367576243981
-0.24125205927357452;6.703049759229534
-0.1683190016180845;6.728731942215088
-0.1683190016180845;6.754414125200642
-0.09195744991584917;6.780096308186196
-0.09195744991584917;6.80577849117175
-0.027942536578768433;6.831460674157303
-0.027942536578768433;6.857142857142857
0.07653260075466657;6.882825040128411
0.07653260075466657;6.908507223113965
0.13480257195055675;6.934189406099518
0.3245868472017254;6.959871589085072
0.41161373015614483;6.9855537720706256
0.41161373015614483;7.01123595505618
0.3964005597604824;7.036918138041734
0.3964005597604824;7.062600321027287
0.28216507267101654;7.088282504012841
0.20313149379382014;7.113964686998395
0.20313149379382014;7.139646869983949
0.12263527089591314;7.165329052969502
0.12263527089591314;7.191011235955056
0.04351164062037134;7.21669341894061
0.04351164062037134;7.242375601926164
-0.017518172651397188;7.268057784911718
-0.017518172651397188;7.293739967897271
-0.09884333708173591;7.319422150882825
-0.09884333708173591;7.345104333868378
-0.14251947633352638;7.370786516853933
-0.14251947633352638;7.396468699839486
-0.42042127229694976;7.42215088282504
-0.42042127229694976;7.447833065810594
-0.42042127229694976;7.473515248796148
-0.39398608877321417;7.499197431781702
-0.39398608877321417;7.524879614767255
-0.3385246336322802;7.550561797752809
-0.3385246336322802;7.576243980738362
-0.2566705066379213;7.601926163723917
-0.2566705066379213;7.62760834670947
-0.19041327734407848;7.653290529695024
-0.19041327734407848;7.678972712680578
-0.12437568635885171;7.704654895666131
-0.04906994891039983;7.730337078651686
-0.04906994891039983;7.756019261637239
0.16798395270695163;7.781701444622793
0.16798395270695163;7.807383627608346
0.3717579870168639;7.833065810593901
0.44611891026807626;7.858747993579454
0.44611891026807626;7.884430176565008
0.4311919516360548;7.910112359550562
0.4311919516360548;7.935794542536115
0.3666027393556119;7.96147672552167
0.3139512359084268;7.987158908507223
0.3139512359084268;8.012841091492778
0.2373439371208925;8.038523274478331
0.2373439371208925;8.064205457463885
0.15592987620373927;8.089887640449438
0.15592987620373927;8.115569823434992
0.07099856687260771;8.141252006420546
0.07099856687260771;8.1669341894061
-0.006706629246330821;8.192616372391653
-0.006706629246330821;8.218298555377206
-0.06605158969303586;8.24398073836276
-0.06605158969303586;8.269662921348315
-0.13715300204641429;8.295345104333869
-0.20920934362369092;8.321027287319422
-0.20920934362369092;8.346709470304976
-0.3553947701421333;8.37239165329053
-0.3553947701421333;8.398073836276083
-0.44405672406290886;8.423756019261637
-0.44405672406290886;8.44943820224719
-0.45112318806180757;8.475120385232744
-0.45112318806180757;8.5008025682183
-0.4177345000830823;8.526484751203853
-0.4177345000830823;8.552166934189406
-0.37224564086449985;8.57784911717496
-0.37224564086449985;8.603531300160514
-0.29454996932367794;8.629213483146067
-0.22587931670265146;8.65489566613162
-0.22587931670265146;8.680577849117174
-0.059376986347688;8.706260032102728
0.29900543518429495;8.731942215088283
0.4094254058114848;8.757624398073837
0.4094254058114848;8.78330658105939
0.45830014227676685;8.808988764044944
0.45830014227676685;8.834670947030498
0.45073252363002725;8.860353130016051
0.45073252363002725;8.886035313001605
0.33177810710202016;8.911717495987158
0.33177810710202016;8.937399678972712
0.2713879783093636;8.963081861958266
0.2713879783093636;8.98876404494382
0.18443514641896833;9.014446227929374
0.18443514641896833;9.040128410914928
0.0936230454782928;9.065810593900482
0.0936230454782928;9.091492776886035
0.015388763687623517;9.117174959871589
0.015388763687623517;9.142857142857142
-0.061321963637204484;9.168539325842696
-0.061321963637204484;9.19422150882825
-0.11907057917312078;9.219903691813805
-0.11907057917312078;9.245585874799358
-0.44882237868083896;9.271268057784912
-0.44882237868083896;9.296950240770466
-0.4560637894007848;9.32263242375602
-0.4560637894007848;9.348314606741573
-0.43446045491370716;9.373996789727126
-0.43446045491370716;9.39967897271268
-0.3841298899092151;9.425361155698234
-0.3216450404683741;9.451043338683789
-0.24518211364792167;9.476725521669342
-0.24518211364792167;9.502407704654896
-0.16129889034894418;9.52808988764045
-0.16129889034894418;9.553772070626003
-0.09195744991584917;9.579454253611557
-0.01732955899098993;9.60513643659711
-0.01732955899098993;9.630818619582664
0.40725893172490996;9.656500802568218
0.40725893172490996;9.682182985553771
0.44867806857074516;9.707865168539326
0.44867806857074516;9.73354735152488
0.46574535455106947;9.759229534510434
0.46574535455106947;9.784911717495987
0.4205917881595886;9.81059390048154
0.4205917881595886;9.836276083467094
0.36538907910200946;9.861958266452648
0.36538907910200946;9.887640449438202
0.2853135574526156;9.913322632423755
0.2853135574526156;9.93900481540931
0.20200032542557558;9.964686998394864
0.20200032542557558;9.990369181380418
0.11640472522905028;10.016051364365971
0.11640472522905028;10.041733547351525
0.02601893924161288;10.067415730337078
0.02601893924161288;10.093097913322632
-0.03347220483871877;10.118780096308186
-0.03347220483871877;10.14446227929374
-0.12967376570937622;10.170144462279294
-0.12967376570937622;10.195826645264848
-0.40376226918231584;10.221508828250402
-0.4653401437363307;10.247191011235955
-0.4653401437363307;10.272873194221509
-0.460623323466011;10.298555377207062
-0.460623323466011;10.324237560192616
-0.44882237868083896;10.34991974317817
-0.3267010217354973;10.375601926163723
-0.3267010217354973;10.401284109149278
-0.2607422871105816;10.426966292134832
-0.2607422871105816;10.452648475120386
-0.1851310869634017;10.47833065810594
-0.1851310869634017;10.504012841091493
-0.10844052584537708;10.529695024077046
-0.10844052584537708;10.5553772070626
-0.03347220483871877;10.581059390048154
0.3054741513708208;10.606741573033707
0.3054741513708208;10.63242375601926
0.4261700480296643;10.658105939004816
0.4261700480296643;10.68378812199037
0.4657196911208482;10.709470304975923
0.4657196911208482;10.735152487961477
0.4582328575694841;10.76083467094703
0.4582328575694841;10.786516853932584
0.4257010104327951;10.812199036918138
0.4257010104327951;10.837881219903691
0.36538907910200946;10.863563402889245
0.2961294229302855;10.8892455858748
0.2961294229302855;10.914927768860354
0.21964018706630595;10.940609951845907
0.21964018706630595;10.96629213483146
0.12678612728946853;10.991974317817014
0.12678612728946853;11.017656500802568
0.05925985493110433;11.043338683788122
0.05925985493110433;11.069020866773675
-0.028553913050532315;11.094703049759229
-0.09726530868565358;11.120385232744784
-0.37525216953873153;11.146067415730338
-0.4748380665564093;11.171749598715891
-0.4748380665564093;11.197431781701445
-0.462980578504986;11.223113964686998
-0.462980578504986;11.248796147672552
-0.44405672406290886;11.274478330658106
-0.387057429992669;11.30016051364366
-0.387057429992669;11.325842696629213
-0.3449610293813356;11.351524879614766
-0.3449610293813356;11.377207062600322
-0.2733004288858789;11.402889245585875
-0.2733004288858789;11.428571428571429
-0.20094509650801406;11.454253611556982
-0.20094509650801406;11.479935794542536
-0.12967376570937622;11.50561797752809
-0.04352273318852979;11.531300160513643
-0.04352273318852979;11.556982343499197
0.44611891026807626;11.58266452648475
0.4706137646161557;11.608346709470306
0.4706137646161557;11.63402889245586
0.45073252363002725;11.659711075441413
0.4200450950614294;11.685393258426966
0.4200450950614294;11.71107544141252
0.3758115759248697;11.736757624398074
0.3758115759248697;11.762439807383627
0.30687437608967544;11.78812199036918
0.30687437608967544;11.813804173354734
0.21721861894169547;11.83948635634029
0.21721861894169547;11.865168539325843
0.13553536744348066;11.890850722311397
0.13553536744348066;11.91653290529695
0.0589362834688487;11.942215088282504
0.0589362834688487;11.967897271268058
-0.012010884326621644;11.993579454253611
-0.012010884326621644;12.019261637239165
-0.2914726644902448;12.044943820224718
-0.462980578504986;12.070626003210272
-0.4463399924499281;12.096308186195827
-0.4463399924499281;12.12199036918138
-0.39398608877321417;12.147672552166934
-0.336760929356456;12.173354735152488
-0.16479765237012625;12.199036918138042
-0.16479765237012625;12.224719101123595
-0.19882658765125666;12.250401284109149
-0.19882658765125666;12.276083467094702
-0.054382834199142326;12.301765650080256
-0.054382834199142326;12.327447833065811
0.41887148088309945;12.353130016051365
0.41887148088309945;12.378812199036918
0.4558588299909207;12.404494382022472
0.4558588299909207;12.430176565008026
0.46076585822234933;12.45585874799358
0.46076585822234933;12.481540930979133
0.4200450950614294;12.507223113964686
0.35817841880143686;12.53290529695024
0.35817841880143686;12.558587479935795
0.2998490260784293;12.584269662921349
0.2998490260784293;12.609951845906902
0.24013315344229214;12.635634028892456
0.24013315344229214;12.66131621187801
0.15967127974923798;12.686998394863563
0.15967127974923798;12.712680577849117
0.07611075518527331;12.73836276083467
0.07611075518527331;12.764044943820224
-0.08267867132271438;12.789727126805778
-0.08267867132271438;12.815409309791333
-0.43702560821282116;12.841091492776886
-0.43702560821282116;12.86677367576244
-0.45356625758004115;12.892455858747994
-0.45356625758004115;12.918138041733547
-0.43702560821282116;12.9438202247191
-0.39398608877321417;12.969502407704654
-0.33173964271294243;12.995184590690208
-0.33173964271294243;13.020866773675762
-0.2776334527253887;13.046548956661317
-0.2776334527253887;13.07223113964687
-0.2125608989434444;13.097913322632424
-0.2125608989434444;13.123595505617978
-0.1310693861389482;13.149277688603531
-0.1310693861389482;13.174959871589085
0.015055576713269103;13.200642054574638
0.015055576713269103;13.226324237560192
0.32627691908299805;13.252006420545746
0.32627691908299805;13.2776886035313
0.42889835432602696;13.303370786516854
0.42889835432602696;13.329052969502408
0.4534415895303851;13.354735152487962
0.4534415895303851;13.380417335473515
0.4483049771700583;13.406099518459069
0.4483049771700583;13.431781701444622
0.36740133521728385;13.457463884430176
0.36740133521728385;13.48314606741573
0.30687437608967544;13.508828250401285
0.23057924084497175;13.534510433386838
0.23057924084497175;13.560192616372392
0.15506651219449774;13.585874799357946
0.15506651219449774;13.6115569823435
0.07611075518527331;13.637239165329053
-0.4065311944340386;13.662921348314606
-0.4065311944340386;13.68860353130016
-0.43042105400396014;13.714285714285714
-0.43042105400396014;13.739967897271267
-0.4442857167980903;13.765650080256822
-0.4442857167980903;13.791332263242376
-0.4086200413118615;13.81701444622793
-0.4086200413118615;13.842696629213483
-0.37332105512104863;13.868378812199037
-0.37332105512104863;13.89406099518459
-0.31996595400094124;13.919743178170144
-0.31996595400094124;13.945425361155698
-0.2724797559638348;13.971107544141251
-0.2724797559638348;13.996789727126806
-0.1956846332865447;14.02247191011236
-0.1956846332865447;14.048154093097914
-0.13036785544362903;14.073836276083467
-0.054382834199142326;14.09951845906902
0.35563594286559425;14.125200642054574
0.43350869255153357;14.150882825040128
0.292875348293187;14.176565008025682
0.292875348293187;14.202247191011235
0.22511651235674193;14.22792937399679
0.22511651235674193;14.253611556982344
0.15421258071558233;14.279293739967898
0.15421258071558233;14.304975922953451
0.07060701312971832;14.330658105939005
0.07060701312971832;14.356340288924558
0.004206604921860936;14.382022471910112
0.004206604921860936;14.407704654895666
-0.4086200413118615;14.43338683788122
-0.42042127229694976;14.459069020866773
-0.4395549408650437;14.484751203852328
-0.4395549408650437;14.510433386837882
-0.3899449285342256;14.536115569823435
-0.3899449285342256;14.561797752808989
-0.3585186608574455;14.587479935794542
-0.3585186608574455;14.613162118780096
-0.3267010217354973;14.63884430176565
-0.26212771804653795;14.664526484751203
-0.21326419548582534;14.690208667736757
-0.21326419548582534;14.715890850722312
-0.13568626079028903;14.741573033707866
0.37996659021318874;14.76725521669342
0.37996659021318874;14.792937399678973
0.41161373015614483;14.818619582664526
0.43350869255153357;14.84430176565008
0.4183128984851201;14.869983948635634
0.4183128984851201;14.895666131621187
0.38307225070549644;14.92134831460674
0.38307225070549644;14.947030497592296
0.3405224726941137;14.97271268057785
0.3405224726941137;14.998394863563403
0.28061604650280436;15.024077046548957
0.28061604650280436;15.04975922953451
0.21062234298393687;15.075441412520064
0.21062234298393687;15.101123595505618
0.13702495652117058;15.126805778491171
0.13702495652117058;15.152487961476725
0.06438839966200825;15.178170144462278
-0.40585218309480414;15.203852327447834
-0.40585218309480414;15.229534510433387
-0.4177345000830823;15.25521669341894
-0.4177345000830823;15.280898876404494
-0.39398608877321417;15.306581059390048
-0.3553947701421333;15.332263242375602
-0.2980956629713017;15.357945425361155
-0.2980956629713017;15.383627608346709
-0.2503826437529316;15.409309791332262
-0.17888034599115638;15.434991974317818
-0.17888034599115638;15.460674157303371
-0.12504202271827103;15.486356340288925
-0.12504202271827103;15.512038523274478
-0.054967310975342534;15.537720706260032
-0.054967310975342534;15.563402889245586
0.2296575253324155;15.58908507223114
0.2296575253324155;15.614767255216693
0.36074358514955074;15.640449438202246
0.36074358514955074;15.666131621187802
0.39854782274017053;15.691813804173355
0.39854782274017053;15.717495987158909
0.4183128984851201;15.743178170144462
0.4058530351628504;15.768860353130016
0.4058530351628504;15.79454253611557
0.3621349291133309;15.820224719101123
0.3621349291133309;15.845906902086677
0.32814448984088723;15.87158908507223
0.32814448984088723;15.897271268057784
0.26054575698498433;15.92295345104334
0.26054575698498433;15.948635634028893
0.13084088032834715;15.974317817014446
0.13084088032834715;16.0
0.053480657160249856;16.025682182985555
-0.3801690731406332;16.051364365971107
-0.3801690731406332;16.077046548956663
-0.40376226918231584;16.102728731942214
-0.3988842494235123;16.12841091492777
-0.3988842494235123;16.15409309791332
-0.36536113076198;16.179775280898877
-0.2914726644902448;16.20545746388443
-0.24125205927357452;16.231139646869984
-0.17547648974977326;16.256821829855536
-0.17547648974977326;16.28250401284109
-0.1102067045366909;16.308186195826647
-0.1102067045366909;16.3338683788122
-0.038849660647336935;16.359550561797754
0.37996659021318874;16.385232744783305
0.3964005597604824;16.41091492776886
0.4029090048716637;16.436597110754413
0.4029090048716637;16.462279293739968
0.39854782274017053;16.48796147672552
0.35488270109301007;16.513643659711075
0.35488270109301007;16.53932584269663
0.3015108757312857;16.565008025682182
0.3015108757312857;16.590690208667738
0.24280636412370865;16.61637239165329
0.24280636412370865;16.642054574638845
0.16332543150612694;16.667736757624397
0.16332543150612694;16.693418940609952
0.10962650193338133;16.719101123595504
0.10962650193338133;16.74478330658106
0.04256026618949278;16.770465489566615
0.04256026618949278;16.796147672552166
-0.34855801104186696;16.82182985553772
-0.34855801104186696;16.847512038523274
-0.387057429992669;16.87319422150883
-0.40376226918231584;16.89887640449438
-0.387057429992669;16.924558587479936
-0.35171861297393847;16.950240770465488
-0.35171861297393847;16.975922953451043
-0.2555694757244227;17.0016051364366
-0.2061943104985086;17.02728731942215
-0.15322758460089306;17.052969502407706
-0.15322758460089306;17.078651685393258
-0.0929473983023695;17.104333868378813
0.3071339187092136;17.130016051364365
0.3071339187092136;17.15569823434992
0.3737743080940799;17.181380417335472
0.3737743080940799;17.207062600321027
0.39854782274017053;17.232744783306583
0.39037802937523947;17.258426966292134
0.39037802937523947;17.28410914927769
0.3758115759248697;17.30979133226324
0.28373083150841466;17.335473515248797
0.22511651235674193;17.36115569823435
0.16055441359549047;17.386837881219904
0.16055441359549047;17.412520064205456
0.09259287726717592;17.43820224719101
0.015055576713269103;17.463884430176567
-0.3695151323879416;17.48956661316212
-0.3695151323879416;17.515248796147674
-0.38213970409963544;17.540930979133226
-0.38213970409963544;17.56661316211878
-0.387057429992669;17.592295345104333
-0.3634714278289038;17.617977528089888
-0.3634714278289038;17.64365971107544
-0.336760929356456;17.669341894060995
-0.3015944693403393;17.69502407704655
-0.3015944693403393;17.720706260032102
-0.2555694757244227;17.746388443017658
-0.19988030373028043;17.77207062600321
-0.19988030373028043;17.797752808988765
-0.13715300204641429;17.823434991974317
-0.0764115974065118;17.849117174959872
-0.0764115974065118;17.874799357945424
0.2970111821473748;17.90048154093098
0.38200641523849344;17.92616372391653
0.38200641523849344;17.951845906902086
0.3882526800756388;17.97752808988764
0.3882526800756388;18.003210272873194
0.3861491514503845;18.02889245585875
0.3861491514503845;18.0545746388443
0.35488270109301007;18.080256821829856
0.25910404908967605;18.105939004815408
0.25910404908967605;18.131621187800963
0.20520473864869157;18.157303370786515
0.20520473864869157;18.18298555377207
0.13778202634222989;18.208667736757626
0.13778202634222989;18.234349919743178
0.07021974009216198;18.260032102728733
0.07021974009216198;18.285714285714285
-0.3098488112154094;18.31139646869984
-0.3703161453546526;18.337078651685392
-0.3703161453546526;18.362760834670947
-0.38213970409963544;18.3884430176565
-0.387057429992669;18.414125200642054
-0.35354753721835636;18.43980738362761
-0.3149157183373294;18.46548956661316
-0.28638842461191877;18.491171749598717
-0.28638842461191877;18.51685393258427
-0.2347403762724828;18.542536115569824
-0.2347403762724828;18.568218298555376
-0.17793231330296375;18.59390048154093
-0.17793231330296375;18.619582664526483
-0.11907057917312078;18.64526484751204
-0.06033382614344643;18.670947030497594
-0.06033382614344643;18.696629213483146
0.2060927693795249;18.7223113964687
0.2060927693795249;18.747993579454253
0.3332132030288187;18.773675762439808
0.3332132030288187;18.79935794542536
0.36859638703334907;18.825040128410915
0.36859638703334907;18.850722311396467
0.38517511684412087;18.876404494382022
0.38517511684412087;18.902086677367578
0.3758115759248697;18.92776886035313
0.3389690858305558;18.953451043338685
0.3389690858305558;18.979133226324237
0.2961294229302855;19.004815409309792
0.24280636412370865;19.030497592295344
0.18443514641896833;19.0561797752809
0.12060810322328633;19.08186195826645
0.12060810322328633;19.107544141252006
-0.017518172651397188;19.13322632423756
-0.38213970409963544;19.158908507223114
-0.38213970409963544;19.18459069020867
-0.34176462380121636;19.21027287319422
-0.3098488112154094;19.235955056179776
-0.27104497667271044;19.261637239165328
-0.27104497667271044;19.287319422150883
-0.21143202296850866;19.313001605136435
-0.1604498156451099;19.33868378812199
-0.1604498156451099;19.364365971107542
-0.10902294595107934;19.390048154093098
-0.10902294595107934;19.415730337078653
0.2521234585119567;19.441412520064205
0.359476765011315;19.46709470304976
0.359476765011315;19.492776886035312
0.3737743080940799;19.518459069020867
0.3758115759248697;19.54414125200642
0.3601462817813348;19.569823434991974
0.3601462817813348;19.595505617977526
0.32463719673980546;19.62118780096308
0.32463719673980546;19.646869983948637
0.2729001122443911;19.67255216693419
0.2729001122443911;19.698234349919744
0.2238707934603267;19.723916532905296
0.2238707934603267;19.74959871589085
0.1651202946056519;19.775280898876403
0.1651202946056519;19.80096308186196
0.09861839511286023;19.82664526484751
0.09861839511286023;19.852327447833066
0.037096043998783204;19.87800963081862
0.037096043998783204;19.903691813804173
-0.32841996457991973;19.929373996789728
-0.37917199507573207;19.95505617977528
-0.37917199507573207;19.980738362760835
-0.39109828137709074;20.006420545746387
-0.39109828137709074;20.032102728731942
-0.3672696534058593;20.057784911717494
-0.3672696534058593;20.08346709470305
-0.34535403409956567;20.109149277688605
-0.34535403409956567;20.134831460674157
-0.29454996932367794;20.160513643659712
-0.2555694757244227;20.186195826645264
-0.14099685284549127;20.21187800963082
-0.0861851115839248;20.23756019261637
-0.0861851115839248;20.263242375601926
0.23622990682511824;20.28892455858748
0.23622990682511824;20.314606741573034
0.3543038151053873;20.34028892455859
0.3543038151053873;20.36597110754414
0.37061083000830536;20.391653290529696
0.37061083000830536;20.417335473515248
0.37470331010848557;20.443017656500803
0.37470331010848557;20.468699839486355
0.3462098080144776;20.49438202247191
0.3462098080144776;20.520064205457462
0.3103045827705095;20.545746388443018
0.3103045827705095;20.571428571428573
0.26745980451196666;20.597110754414125
0.26745980451196666;20.62279293739968
0.2117855550560515;20.648475120385232
0.2117855550560515;20.674157303370787
0.14486660786498873;20.69983948635634
0.14486660786498873;20.725521669341894
0.08710396028921692;20.751203852327446
0.08710396028921692;20.776886035313
0.020691481944669386;20.802568218298557
0.020691481944669386;20.82825040128411
-0.35354753721835636;20.853932584269664
-0.3703161453546526;20.879614767255216
-0.387057429992669;20.90529695024077
-0.3467505691068198;20.930979133226323
-0.3467505691068198;20.95666131621188
-0.323288952121317;20.98234349919743
-0.323288952121317;21.008025682182986
-0.2827721526200808;21.033707865168537
-0.2827721526200808;21.059390048154093
-0.23996791431992673;21.085072231139648
-0.18840030875415478;21.1107544141252
-0.18840030875415478;21.136436597110755
-0.12639625730269904;21.162118780096307
-0.12639625730269904;21.187800963081862
-0.006597710284119003;21.213483146067414
-0.006597710284119003;21.23916532905297
0.3666027393556119;21.26484751203852
0.3758115759248697;21.290529695024077
0.3621349291133309;21.316211878009632
0.3389690858305558;21.341894060995184
0.252287640300181;21.36757624398074
0.252287640300181;21.39325842696629
0.18992898916979156;21.418940609951846
0.18992898916979156;21.4446227929374
0.12678612728946853;21.470304975922954
0.06509898311776328;21.495987158908505
0.06509898311776328;21.52166934189406
-0.011946219043624947;21.547351524879616
-0.011946219043624947;21.573033707865168
-0.30663175756029853;21.598715890850723
-0.30663175756029853;21.624398073836275
-0.3703161453546526;21.65008025682183
-0.3703161453546526;21.675762439807382
-0.38213970409963544;21.701444622792938
-0.31665810830179264;21.72712680577849
-0.31665810830179264;21.752808988764045
-0.1604498156451099;21.7784911717496
-0.21665798525684243;21.804173354735152
-0.16922275700986866;21.829855537720707
-0.10729406406176631;21.85553772070626
-0.10729406406176631;21.881219903691814
0.20408195498184906;21.906902086677366
0.20408195498184906;21.93258426966292
0.3298088083529531;21.958266452648473
0.3666027393556119;21.98394863563403
0.37264637874505385;22.009630818619584
0.37264637874505385;22.035313001605136
0.35817841880143686;22.06099518459069
0.32463719673980546;22.086677367576243
0.28752869098742573;22.1123595505618
0.28752869098742573;22.13804173354735
0.23472629623890556;22.163723916532906
0.23472629623890556;22.189406099518457
0.17695838477154768;22.215088282504013
0.17695838477154768;22.240770465489568
0.11448934929415257;22.26645264847512
0.11448934929415257;22.292134831460675
0.04828580333267024;22.317817014446227
0.04828580333267024;22.343499197431782
-0.10690861120796757;22.369181380417334
-0.10690861120796757;22.39486356340289
-0.293479668124573;22.42054574638844
-0.293479668124573;22.446227929373997
-0.3841298899092151;22.47191011235955
-0.37917199507573207;22.497592295345104
-0.3841298899092151;22.52327447833066
-0.349907738609441;22.54895666131621
-0.349907738609441;22.574638844301766
-0.293479668124573;22.60032102728732
-0.2607422871105816;22.626003210272874
-0.21665798525684243;22.651685393258425
-0.1402476111561113;22.67736757624398
-0.1402476111561113;22.703049759229533
-0.1031160553763474;22.728731942215088
0.35623103103087306;22.754414125200643
0.35623103103087306;22.780096308186195
0.3758115759248697;22.80577849117175
0.37995016151772365;22.831460674157302
0.37995016151772365;22.857142857142858
0.3568474246137227;22.88282504012841
0.3568474246137227;22.908507223113965
0.31570153627560815;22.934189406099517
0.31570153627560815;22.959871589085072
0.2729001122443911;22.985553772070627
0.2226385815018143;23.01123595505618
0.2226385815018143;23.036918138041734
0.1642179944519582;23.062600321027286
0.1642179944519582;23.08828250401284
0.09310511519373081;23.113964686998393
0.03145755474271402;23.13964686998395
0.03145755474271402;23.1653290529695
-0.3890678987179659;23.191011235955056
-0.3890678987179659;23.21669341894061
-0.36919733809692407;23.242375601926163
-0.36919733809692407;23.26805778491172
-0.34030618697600645;23.29373996789727
-0.34030618697600645;23.319422150882826
-0.29454996932367794;23.345104333868377
-0.2477533539088767;23.370786516853933
-0.2477533539088767;23.396468699839485
-0.19041327734407848;23.42215088282504
-0.12967376570937622;23.447833065810595
-0.06993046994438547;23.473515248796147
-0.06993046994438547;23.499197431781703
-0.022469997662143665;23.524879614767254
-0.022469997662143665;23.55056179775281
0.24154173706436255;23.57624398073836
0.3543038151053873;23.601926163723917
0.36740133521728385;23.62760834670947
0.38307225070549644;23.653290529695024
0.3427715731819164;23.67897271268058
0.3427715731819164;23.70465489566613
0.3103045827705095;23.730337078651687
0.26200322780895385;23.75601926163724
0.26200322780895385;23.781701444622794
0.20313149379382014;23.807383627608345
0.14406272223478223;23.8330658105939
0.08160977642819937;23.858747993579453
0.08160977642819937;23.884430176565008
-0.3467505691068198;23.910112359550563
-0.3585186608574455;23.935794542536115
-0.37525216953873153;23.96147672552167
-0.35354753721835636;23.987158908507222
-0.33348109354319766;24.012841091492778
-0.33348109354319766;24.03852327447833
-0.2819576837550216;24.064205457463885
-0.2819576837550216;24.089887640449437
-0.2347403762724828;24.115569823434992
-0.19246918768058913;24.141252006420544
-0.19246918768058913;24.1669341894061
0.28968999083489827;24.192616372391655
0.28968999083489827;24.218298555377206
0.36859638703334907;24.24398073836276
0.38099106511710074;24.269662921348313
0.38099106511710074;24.29534510433387
0.3737743080940799;24.32102728731942
0.3491109919873999;24.346709470304976
0.3491109919873999;24.372391653290528
0.2961294229302855;24.398073836276083
0.2482540497708558;24.42375601926164
0.2482540497708558;24.44943820224719
0.1888796815799124;24.475120385232746
0.1888796815799124;24.500802568218297
0.12608812890092216;24.526484751203853
0.12608812890092216;24.552166934189405
0.06474174439253792;24.57784911717496
0.06474174439253792;24.603531300160512
-0.001197215423240112;24.629213483146067
-0.001197215423240112;24.654895666131623
-0.3622745409321282;24.680577849117174
-0.39109828137709074;24.70626003210273
-0.3841298899092151;24.73194221508828
-0.3622745409321282;24.757624398073837
-0.32841996457991973;24.78330658105939
-0.28427071877166016;24.808988764044944
-0.28427071877166016;24.834670947030496
-0.22983614241197753;24.86035313001605
-0.22983614241197753;24.886035313001607
-0.1683190016180845;24.91171749598716
-0.054382834199142326;24.937399678972714
0.2007851764732633;24.963081861958266
0.2007851764732633;24.98876404494382
0.3245868472017254;25.014446227929373
0.3758115759248697;25.040128410914928
0.3873000666809724;25.06581059390048
0.3873000666809724;25.091492776886035
0.36414463731142144;25.11717495987159
0.36414463731142144;25.142857142857142
0.33709808496102717;25.168539325842698
0.33709808496102717;25.19422150882825
0.28691358110600657;25.219903691813805
0.28691358110600657;25.245585874799357
0.2373439371208925;25.271268057784912
0.17793879834240334;25.296950240770464
0.17793879834240334;25.32263242375602
0.12060810322328633;25.348314606741575
0.04828580333267024;25.373996789727126
-0.01732955899098993;25.39967897271268
-0.3015944693403393;25.425361155698234
-0.37720236794099626;25.45104333868379
-0.3553947701421333;25.47672552166934
-0.3165719657809408;25.502407704654896
-0.26682768023707865;25.528089887640448
-0.26682768023707865;25.553772070626003
-0.21781300441296972;25.579454253611555
-0.21781300441296972;25.60513643659711
-0.15771971542784755;25.630818619582666
-0.15771971542784755;25.656500802568218
-0.0924497863778707;25.682182985553773
-0.0924497863778707;25.707865168539325
-0.04398832193069388;25.73354735152488
-0.04398832193069388;25.759229534510432
0.32283577424675663;25.784911717495987
0.3758115759248697;25.81059390048154
0.3882526800756388;25.836276083467094
0.35623103103087306;25.86195826645265
0.33177810710202016;25.8876404494382
0.28752869098742573;25.913322632423757
0.2334386410382396;25.93900481540931
0.1750292877491238;25.964686998394864
0.1750292877491238;25.990369181380416
0.1035536218643228;26.01605136436597
0.1035536218643228;26.041733547351523
0.04256026618949278;26.06741573033708
-0.39109828137709074;26.093097913322634
-0.3841298899092151;26.118780096308186
-0.38506663746042513;26.14446227929374
-0.38506663746042513;26.170144462279293
-0.3435503254461402;26.195826645264848
-0.3435503254461402;26.2215088282504
-0.3047654113976067;26.247191011235955
-0.3047654113976067;26.272873194221507
-0.24906120387353237;26.298555377207062
-0.24906120387353237;26.324237560192618
-0.2061943104985086;26.34991974317817
-0.15687985271571273;26.375601926163725
-0.15687985271571273;26.401284109149277
-0.09147031494389796;26.426966292134832
-0.09147031494389796;26.452648475120384
-0.03347220483871877;26.47833065810594
0.23622990682511824;26.50401284109149
0.3626766535490117;26.529695024077046
0.3626766535490117;26.5553772070626
0.3758115759248697;26.581059390048154
0.39341115081323835;26.60674157303371
0.39341115081323835;26.63242375601926
0.36859638703334907;26.658105939004816
0.32463719673980546;26.683788121990368
0.2729001122443911;26.709470304975923
0.2226385815018143;26.735152487961475
0.15506651219449774;26.76083467094703
0.08072038658623215;26.786516853932586
0.026305173905226915;26.812199036918138
0.026305173905226915;26.837881219903693
-0.0442248694521888;26.863563402889245
-0.0442248694521888;26.8892455858748
-0.32331468232290383;26.914927768860352
-0.32331468232290383;26.940609951845907
-0.3890678987179659;26.96629213483146
-0.3890678987179659;26.991974317817014
-0.3890678987179659;27.01765650080257
-0.33173964271294243;27.04333868378812
-0.3047654113976067;27.069020866773677
-0.2503826437529316;27.09470304975923
-0.19041327734407848;27.120385232744784
-0.14787780064561715;27.146067415730336
-0.14787780064561715;27.17174959871589
-0.08132652299162299;27.197431781701443
0.3748746917535784;27.223113964687
0.38307225070549644;27.24879614767255
0.38099106511710074;27.274478330658106
0.35488270109301007;27.30016051364366
0.3175465542938668;27.325842696629213
0.26694811464195106;27.351524879614768
0.26694811464195106;27.37720706260032
0.20520473864869157;27.402889245585875
0.14326764833002814;27.428571428571427
0.14326764833002814;27.454253611556982
0.07611075518527331;27.479935794542534
0.020467511722440934;27.50561797752809
0.020467511722440934;27.531300160513645
-0.39314885832573426;27.556982343499197
-0.39314885832573426;27.582664526484752
-0.39314885832573426;27.608346709470304
-0.3831705300319104;27.63402889245586
-0.3831705300319104;27.65971107544141
-0.33524023074467724;27.685393258426966
-0.33524023074467724;27.711075441412518
-0.29611241332766325;27.736757624398074
-0.29611241332766325;27.76243980738363
-0.23996791431992673;27.78812199036918
-0.1841460817547091;27.813804173354736
-0.1841460817547091;27.839486356340288
-0.12967376570937622;27.865168539325843
-0.06465553091073492;27.890850722311395
-0.06465553091073492;27.91653290529695
0.26788803308869646;27.942215088282502
0.26788803308869646;27.967897271268058
0.36859638703334907;27.993579454253613
0.3778701014469369;28.019261637239165
0.37470331010848557;28.04494382022472
0.3495985065921977;28.070626003210272
0.3495985065921977;28.096308186195827
0.2891208666764965;28.12199036918138
0.2891208666764965;28.147672552166934
0.24964059689657664;28.173354735152486
0.24964059689657664;28.19903691813804
0.19977488914645108;28.224719101123597
0.19977488914645108;28.25040128410915
0.127491854506188;28.276083467094704
0.07528082139672948;28.301765650080256
0.07528082139672948;28.32744783306581
0.009642759575513641;28.353130016051363
0.009642759575513641;28.37881219903692
-0.28638842461191877;28.40449438202247
-0.37720236794099626;28.430176565008026
-0.387057429992669;28.45585874799358
-0.3603872606676684;28.481540930979133
-0.3603872606676684;28.507223113964688
-0.3216450404683741;28.53290529695024
-0.2718852380673531;28.558587479935795
-0.2718852380673531;28.584269662921347
-0.22424623024855994;28.609951845906902
-0.22424623024855994;28.635634028892454
-0.17013617554386049;28.66131621187801
-0.17013617554386049;28.68699839486356
-0.04933232626828505;28.712680577849117
0.30738465719383584;28.738362760834672
0.37996659021318874;28.764044943820224
0.3717579870168639;28.78972712680578
0.33709808496102717;28.81540930979133
0.29657801965967057;28.841091492776886
0.29657801965967057;28.86677367576244
0.1824055387456639;28.892455858747994
0.1824055387456639;28.918138041733545
0.11512078872024878;28.9438202247191
0.11512078872024878;28.969502407704656
0.036497352483554;28.995184590690208
0.036497352483554;29.020866773675763
-0.3165719657809408;29.046548956661315
-0.37720236794099626;29.07223113964687
-0.336760929356456;29.097913322632422
-0.293479668124573;29.123595505617978
-0.2566705066379213;29.14927768860353
-0.21898020605757756;29.174959871589085
-0.21898020605757756;29.20064205457464
-0.16215690342835493;29.226324237560192
-0.16215690342835493;29.252006420545747
-0.1031160553763474;29.2776886035313
-0.03864180234134524;29.303370786516854
-0.03864180234134524;29.329052969502406
0.35239650950543083;29.35473515248796
0.3737743080940799;29.380417335473513
0.37264637874505385;29.40609951845907
0.35817841880143686;29.431781701444624
0.31930365446705017;29.457463884430176
0.31930365446705017;29.48314606741573
0.27678482534972015;29.508828250401283
0.27678482534972015;29.53451043338684
0.2238707934603267;29.56019261637239
0.16962864586381654;29.585874799357946
0.16962864586381654;29.611556982343497
0.09807620468438237;29.637239165329053
0.09807620468438237;29.662921348314608
0.037096043998783204;29.68860353130016
-0.03383631146530751;29.714285714285715
-0.03383631146530751;29.739967897271267
-0.31996595400094124;29.765650080256822
-0.38613986855738164;29.791332263242374
-0.38613986855738164;29.81701444622793
-0.38613986855738164;29.84269662921348
-0.3463391609739975;29.868378812199037
-0.3463391609739975;29.894060995184592
-0.2996657996444161;29.919743178170144
-0.2503826437529316;29.9454253611557
-0.20729685984456045;29.97110754414125
-0.20729685984456045;29.996789727126806
-0.1507900837637153;30.02247191011236
-0.1507900837637153;30.048154093097914
-0.0861851115839248;30.073836276083465
-0.017144961441293037;30.09951845906902
-0.017144961441293037;30.125200642054576
0.28595347719676384;30.150882825040128
0.28595347719676384;30.176565008025683
0.29127420877882765;30.202247191011235
0.29127420877882765;30.22792937399679
0.2998490260784293;30.253611556982342
0.28752869098742573;30.279293739967898
0.2063397681717791;30.30497592295345
0.2063397681717791;30.330658105939005
0.15421258071558233;30.356340288924557
0.09310511519373081;30.382022471910112
0.04256026618949278;30.407704654895667
-0.017518172651397188;30.43338683788122
-0.07182721047652561;30.459069020866774
-0.07182721047652561;30.484751203852326
-0.12100667861734715;30.51043338683788
-0.12100667861734715;30.536115569823433
-0.15322758460089306;30.56179775280899
-0.16922275700986866;30.58747993579454
-0.18080671034124995;30.613162118780096
-0.18080671034124995;30.63884430176565
-0.19882658765125666;30.664526484751203
-0.17105941148462875;30.69020866773676
-0.17105941148462875;30.71589085072231
-0.13715300204641429;30.741573033707866
-0.10479681049349238;30.767255216693417
-0.061321963637204484;30.792937399678973
-0.012142340520939753;30.818619582664525
-0.012142340520939753;30.84430176565008
0.036108839307236656;30.869983948635635
0.036108839307236656;30.895666131621187
0.09158506070166442;30.921348314606742
0.09158506070166442;30.947030497592294
0.1579336173687647;30.97271268057785
0.1579336173687647;30.9983948635634
0.20187235191855624;31.024077046548957
0.20187235191855624;31.04975922953451
0.23622990682511824;31.075441412520064
0.23751708908564725;31.10112359550562
0.23751708908564725;31.12680577849117
0.2309044575416976;31.152487961476726
0.2309044575416976;31.17817014446228
0.19977488914645108;31.203852327447834
0.16962864586381654;31.229534510433385
0.13702495652117058;31.25521669341894
0.07060701312971832;31.280898876404493
0.0540713789290111;31.306581059390048
0.0540713789290111;31.332263242375603
0.04303070102813832;31.357945425361155
0.04303070102813832;31.38362760834671
0.04802194654742506;31.409309791332262
0.03750620173794394;31.434991974317818
0.03750620173794394;31.46067415730337
0.03750620173794394;31.486356340288925
0.03197941106146621;31.512038523274477
0.03197941106146621;31.537720706260032
0.026450665398566484;31.563402889245587
0.026450665398566484;31.58908507223114
0.02080531503385573;31.614767255216695
0.02080531503385573;31.640449438202246
0.004206604921860936;31.6661316211878
0.014815004303294198;31.691813804173353
0.014815004303294198;31.71749598715891
0.014815004303294198;31.74317817014446
0.015388763687623517;31.768860353130016
0.026305173905226915;31.794542536115568
0.03162960470733415;31.820224719101123
0.03162960470733415;31.84590690208668
0.03162960470733415;31.87158908507223
0.02092040736133726;31.897271268057786
0.031803546360115384;31.922953451043337
0.031803546360115384;31.948635634028893
0.025878144706164948;31.974317817014445
0.025878144706164948;32.0
